time,force_left_raw,force_right_raw,force_left,force_right,dis_left,dis_right,force_avg,force_sum,force_diff,force_diff_ratio,total_delta_dis,dis_diff,left_force_rate,right_force_rate,force_rate,force_rate_diff,force_rate_ratio,left_force_acc,right_force_acc,force_acc,left_dis_rate,right_dis_rate,dis_rate_diff,stiffness_ratio,force_std_5s,force_diff_std_5s,force_rate_std_5s
2024-03-17 14:21:22,441.12,596.09,441.12,596.09,0.85,4.16,518.605,1037.21,154.97000000000003,0.2988208746563939,5.01,3.31,0.0,0.0,0.0,0.0,0.0,0.0,0.0,0.0,0.0,0.0,0.0,103.51395139442089,0.0,0.0,0.0
2024-03-17 14:21:23,499.53,629.03,455.7225,604.325,2.05,5.28,530.0237500000001,1060.0475,148.60250000000002,0.2803695112146022,7.33,3.2300000000000004,14.60250000000002,8.235000000000014,11.418750000000044,6.367500000000007,0.5576354191452272,14.60250000000002,8.235000000000014,11.418750000000044,1.1999999999999995,1.12,0.0799999999999996,72.3088236959313,0.0,0.0,0.0
2024-03-17 14:21:24,524.05,589.23,472.804375,600.55125,3.28,5.61,536.6778125,1073.355625,127.746875,0.2380327112218139,8.89,2.3300000000000005,17.081874999999968,-3.773750000000064,6.654062499999895,20.855625000000032,3.134269007201443,2.479374999999948,-12.008750000000076,-4.76468750000015,1.23,0.33,0.8999999999999999,60.36870102714274,0.0,0.0,0.0
2024-03-17 14:21:25,577.32,587.86,498.9332812500001,597.3784375,4.49,5.61,548.1558593750001,1096.3117187500002,98.44515624999995,0.1795933663514104,10.1,1.12,26.128906250000057,-3.172812499999964,11.478046875000132,29.30171875000002,2.5528486262738896,9.047031250000089,0.6009375000001,4.8239843750002365,1.2100000000000004,0.0,1.2100000000000004,54.272851990311686,0.0,0.0,0.0
2024-03-17 14:21:26,529.51,594.72,506.5774609375,596.713828125,4.73,6.16,551.64564453125,1103.2912890625,90.13636718749996,0.1633954113798834,10.89,1.4299999999999995,7.644179687499957,-0.6646093750000546,3.4897851562499227,8.308789062500011,2.380887736522092,-18.4847265625001,2.508203124999909,-7.988261718750209,0.2400000000000002,0.5499999999999998,0.3099999999999996,50.656161053727175,13.47306257230078,29.061386239469183,5.006289084986114
2024-03-17 14:21:27,532.24,587.86,512.9930957031249,594.50037109375,4.73,6.16,553.7467333984375,1107.493466796875,81.50727539062507,0.1471923360038781,10.89,1.4299999999999995,6.4156347656249295,-2.213457031249959,2.1010888671875136,8.629091796874889,4.106959883836695,-1.2285449218750273,-1.5488476562499045,-1.388696289062409,0.0,0.0,0.0,50.84909848937916,10.242843516846124,28.02891781554508,4.359324746917122
2024-03-17 14:21:28,533.6,630.4,518.1448217773437,603.4752783203126,5.09,6.38,560.8100500488281,1121.6201000976562,85.33045654296882,0.1521557190057197,11.47,1.29,5.1517260742188,8.97490722656255,7.063316650390561,3.82318115234375,0.5412727193618921,-1.2639086914061295,11.188364257812507,4.962227783203048,0.3599999999999994,0.2199999999999997,0.1399999999999996,48.89363567176918,8.863833439728454,18.50742012674697,3.638216274755996
2024-03-17 14:21:29,532.24,590.6,521.6686163330078,600.2564587402344,5.09,6.46,560.9625375366211,1121.9250750732422,78.58784240722662,0.1400946355744862,11.55,1.37,3.52379455566404,-3.2188195800781614,0.152487487792996,6.742614135742201,44.21720113649062,-1.6279315185547605,-12.193726806640711,-6.910829162597565,0.0,0.08,0.08,48.56818086306842,5.6778646603180665,7.815897646981839,4.480593025651327
2024-03-17 14:21:30,595.12,590.6,540.0314622497558,597.8423440551758,5.67,6.46,568.9369031524658,1137.8738063049316,57.81088180541997,0.1016121144251307,12.13,0.79,18.36284591674803,-2.414114685058621,7.974365615844704,20.77696060180665,2.6054684469264022,14.839051361083987,0.8047048950195403,7.821878128051708,0.5800000000000001,0.0,0.5800000000000001,46.90328575838253,6.843069677766475,12.439843719136928,3.306320473018181
2024-03-17 14:21:31,611.57,646.9,557.9160966873169,610.1067580413818,6.84,7.5,584.0114273643494,1168.0228547286988,52.1906613540649,0.0893658220015251,14.34,0.6600000000000001,17.88463443756109,12.264413986206025,15.074524211883611,5.620220451355067,0.3728290193129606,-0.4782114791869389,14.678528671264644,7.100158596038909,1.17,1.04,0.1299999999999999,40.72603811982645,11.56526532789131,15.008728680650492,5.823471397615828
2024-03-17 14:21:32,623.92,646.9,574.4170725154877,619.3050685310363,8.05,8.62,596.861070523262,1193.722141046524,44.88799601554865,0.0752067745027985,16.67,0.5699999999999985,16.500975828170795,9.198310489654546,12.849643158912611,7.302665338516249,0.5683165423262763,-1.3836586093902952,-3.0661034965514773,-2.224881052971,1.2100000000000009,1.1199999999999992,0.0900000000000016,35.80450118288907,15.747554116630798,17.396433772651356,5.789853147883704
2024-03-17 14:21:33,637.65,655.16,590.2253043866158,628.2688013982772,9.25,9.72,609.2470528924465,1218.494105784893,38.04349701166143,0.0624434648778415,18.97,0.4700000000000006,15.8082318711281,8.963732867240878,12.38598236918449,6.844499003887222,0.5526003709092557,-0.6927439570426941,-0.2345776224136671,-0.4636607897281237,1.1999999999999993,1.1000000000000014,0.0999999999999978,32.116342687195775,19.75121791559668,15.4881770280043,5.919296395906442
2024-03-17 14:21:34,648.65,671.68,604.8314782899619,639.1216010487079,10.46,10.84,621.9765396693349,1243.9530793386698,34.290122758746065,0.0551308940395807,21.3,0.379999999999999,14.606173903346075,10.852799650430711,12.729486776888391,3.753374252915364,0.2948566602758342,-1.2020579677820251,1.889066783189833,0.3435044077039038,1.2100000000000009,1.1199999999999992,0.0900000000000016,29.200775139369,20.778174460457304,9.720375062773796,2.591129970871085
2024-03-17 14:21:35,661.03,685.47,618.8811087174713,650.7087007865309,11.66,11.96,634.7949047520011,1269.5898095040022,31.82759206905962,0.0501383860844873,23.62,0.3000000000000007,14.049630427509442,11.587099737822996,12.81836508266622,2.462530689686446,0.1921095616871506,-0.5565434758366337,0.7343000873922847,0.0888783057778255,1.1999999999999993,1.120000000000001,0.0799999999999983,26.87531235718411,20.03057616947357,8.297832964239223,1.0796076642023014
2024-03-17 14:21:36,673.42,695.13,632.5158315381035,661.8140255898982,12.84,13.08,647.1649285640008,1294.3298571280015,29.298194051794667,0.0452716034404599,25.92,0.2400000000000002,13.634722820632192,11.10532480336724,12.370023811999658,2.5293980172649526,0.2044780067709554,-0.4149076068772501,-0.4817749344557569,-0.4483412706665604,1.1799999999999995,1.1199999999999992,0.0600000000000005,24.96778177454548,19.94734823735744,6.08015230498584,0.2349212161538236
2024-03-17 14:21:37,685.82,695.13,645.8418736535776,670.1430191924236,14.04,14.2,657.9924464230006,1315.9848928460012,24.30114553884596,0.0369322560373152,28.24,0.1600000000000001,13.326042115474138,8.32899360252543,10.82751785899984,4.997048512948709,0.4615137205505912,-0.3086807051580535,-2.7763312008418097,-1.542505952999818,1.1999999999999993,1.1199999999999992,0.08,23.30001498310856,19.40734498018309,5.180910448248944,0.8072305220029692
2024-03-17 14:21:38,696.85,708.93,658.5939052401832,679.8397643943176,15.24,15.33,669.2168348172504,1338.4336696345008,21.24585915413445,0.031747347073522,30.57,0.0899999999999998,12.75203158660554,9.696745201894032,11.224388394249786,3.055286384711508,0.2722006763483027,-0.5740105288685982,1.367751599368603,0.3968705352499455,1.200000000000001,1.1300000000000008,0.0700000000000002,21.8912925392855,18.61864354453628,5.3622736675846365,0.910342668333476
2024-03-17 14:21:39,710.65,729.67,671.6079289301374,692.2973232957382,16.42,16.45,681.9526261129379,1363.9052522258758,20.689394365600837,0.0303384627363191,32.870000000000005,0.0299999999999975,13.014023689954229,12.457558901420612,12.735791295687475,0.5564647885336171,0.0436929855335379,0.2619921033486889,2.7608136995265795,1.511402901437691,1.1800000000000015,1.1199999999999992,0.0600000000000022,20.74696091773584,18.40631207049776,4.927925369457632,0.9116196058508028
2024-03-17 14:21:40,723.08,735.2,684.475946697603,703.0229924718037,17.63,17.54,693.7494695847033,1387.4989391694066,18.547045774200683,0.0267345007969071,35.17,0.0899999999999998,12.86801776746563,10.72566917606548,11.796843471765442,2.1423485914001503,0.1816035293614021,-0.1460059224885981,-1.7318897253551313,-0.9389478239220352,1.2099999999999973,1.09,0.1199999999999974,19.725602782459497,18.527928851733115,4.1664211393467925,0.7869688404496457
2024-03-17 14:21:41,728.61,737.97,695.5094600232023,711.7597443538527,18.8,18.67,703.6346021885275,1407.269204377055,16.250284330650402,0.0230947771144455,37.47,0.129999999999999,11.0335133255993,8.73675188204902,9.885132603824218,2.296761443550281,0.2323450077257168,-1.8345044418663288,-1.98891729401646,-1.911710867941224,1.1700000000000017,1.1300000000000026,0.0399999999999991,18.778611780355373,18.32685311548093,3.02014101310591,1.0652432092775113
2024-03-17 14:21:42,749.35,753.2,708.9695950174017,722.1198082653896,20.01,19.79,715.5447016413957,1431.0894032827914,13.150213247987836,0.0183779059497534,39.8,0.2200000000000024,13.460134994199391,10.360063911536828,11.910099452868169,3.1000710826625664,0.2602892473435028,2.426621668600092,1.6233120294878065,2.024966849043949,1.2100000000000009,1.1199999999999974,0.0900000000000034,17.97850963977101,18.09309827059139,3.340916488414217,1.056727268191192
2024-03-17 14:21:43,753.51,769.83,720.1046962630512,734.0473561990422,21.18,20.91,727.0760262310466,1454.1520524620933,13.942659935990946,0.0191763438949972,42.09,0.2699999999999996,11.13510124564948,11.92754793365259,11.531324589650922,0.7924466880031105,0.0687212135189654,-2.325033748549913,1.5674840221157638,-0.3787748632172452,1.1699999999999982,1.120000000000001,0.0499999999999971,17.274317152690173,17.722234651391584,3.1449790061841547,1.0448028494970691
2024-03-17 14:21:44,770.13,776.77,732.6110221972884,744.7280171492816,22.36,22.0,738.6695196732851,1477.3390393465702,12.116994951993206,0.0164038106526295,44.36,0.3599999999999994,12.506325934237225,10.680660950239483,11.593493442238469,1.82566498399774,0.1574732271700853,1.3712246885877448,-1.2468869834131056,0.062168852587547,1.1799999999999995,1.09,0.0899999999999998,16.6517020518842,17.919475835161773,2.588388046200953,0.8293318741157398
2024-03-17 14:21:45,774.29,783.71,743.0307666479663,754.4735128619612,23.56,23.13,748.7521397549638,1497.5042795099275,11.442746213994951,0.0152824220341557,46.69,0.4299999999999997,10.419744450677854,9.7454957126796,10.08262008167867,0.6742487379982549,0.0668723670696547,-2.086581483559371,-0.935165237559886,-1.510873360559799,1.1999999999999993,1.129999999999999,0.0700000000000002,16.036670030376822,17.931499221501795,1.8678900259364652,0.9417185220770397
2024-03-17 14:21:46,724.46,797.6,738.3880749859748,765.2551346464709,23.92,24.22,751.8216048162228,1503.6432096324456,26.867059660496125,0.0357359504603856,48.14,0.2999999999999971,-4.642691661991535,10.78162178450964,3.069465061259052,15.424313446501174,5.025080303436988,-15.062436112669388,1.03612607183004,-7.013155020419617,0.360000000000003,1.09,0.7299999999999969,15.617399027811048,15.144538850875566,6.423838517696118,3.738796764661815
2024-03-17 14:21:47,724.46,814.28,734.9060562394811,777.5113509848532,23.92,25.34,756.2087036121671,1512.4174072243345,42.60529474537202,0.0563406563366958,49.260000000000005,1.4199999999999982,-3.4820187464936225,12.256216338382274,4.3870987959443255,15.738235084875896,3.5873893498901435,1.160672915497912,1.4745945538726346,1.3176337346852731,0.0,1.120000000000001,1.120000000000001,15.35137410192434,11.68727444558327,13.420936495110611,4.092548260267368
2024-03-17 14:21:48,721.7,819.84,731.6045421796109,788.0935132386398,23.92,26.44,759.8490277091254,1519.6980554182508,56.48897105902893,0.0743423613437995,50.36,2.52,-3.301514059870214,10.582162253786692,3.6403240969582384,13.883676313656906,3.8138561650050833,0.1805046866234079,-1.674054084595582,-0.7467746989860871,0.0,1.1000000000000014,1.1000000000000014,15.088344174360232,8.111510652963673,19.586360182187388,3.974122666351243
2024-03-17 14:21:49,724.46,825.41,729.8184066347083,797.4226349289798,23.92,27.56,763.6205207818441,1527.2410415636882,67.60422829427159,0.0885311831805185,51.48,3.639999999999997,-1.7861355449026632,9.329121690340004,3.771493072718727,11.115257235242666,2.9471761113574013,1.5153785149675514,-1.2530405634466888,0.1311689757604881,0.0,1.1199999999999974,1.1199999999999974,14.833343161392792,5.97722076863761,22.49245095055817,2.885008994081893
2024-03-17 14:21:50,720.31,835.16,727.4413049760311,806.8569761967349,23.92,28.66,767.149140586383,1534.298281172766,79.41567122070376,0.1035205110918596,52.58,4.739999999999998,-2.377101658677134,9.43434126775503,3.5286198045389483,11.811442926432164,3.347325649511227,-0.5909661137744706,0.1052195774150277,-0.2428732681797782,0.0,1.1000000000000014,1.1000000000000014,14.590131723017333,6.023624511504972,20.624527672440536,0.4758153378313813
2024-03-17 14:21:51,717.55,853.27,724.9684787320234,818.4602321475512,23.92,29.78,771.7143554397874,1543.4287108795747,93.4917534155278,0.1211481329009361,53.7,5.859999999999999,-2.472826244007706,11.603255950816331,4.5652148534043135,14.07608219482404,3.083333328987589,-0.0957245853305721,2.168914683061302,1.0365950488653652,0.0,1.120000000000001,1.120000000000001,14.370844340203782,6.063867194699541,19.73364803515143,0.4665817940882757
2024-03-17 14:21:52,716.17,854.67,722.7688590490176,827.5126741106634,23.92,30.87,775.1407665798405,1550.281533159681,104.74381506164582,0.1351287655643232,54.790000000000006,6.949999999999999,-2.199619683005835,9.052441963112187,3.426411140053119,11.252061646118024,3.283919501272717,0.2732065610018708,-2.550813987704146,-1.1388037133511943,0.0,1.09,1.09,14.147485899477177,6.1207190520460815,19.36775838007407,0.4539150717585776
2024-03-17 14:21:53,720.31,864.43,722.1541442867632,836.7420055829975,23.92,31.99,779.4480749348804,1558.8961498697608,114.58786129623434,0.1470115391057911,55.91,8.069999999999997,-0.6147147622543798,9.229331472334138,4.307308355039936,9.844046234588518,2.285428192676736,1.5849049207514554,0.1768895092219509,0.8808972149868168,0.0,1.1199999999999974,1.1199999999999974,13.941120747518507,6.274007991257365,18.896796866910808,0.4962792850036183
2024-03-17 14:21:54,749.35,878.39,728.9531082150723,847.1540041872481,23.92,33.09,788.0535562011603,1576.1071124023206,118.20089597217576,0.1499909427374154,57.010000000000005,9.170000000000002,6.798963928309149,10.411998604250584,8.605481266279867,3.613034675941435,0.4198526664913277,7.413678690563529,1.182667131916446,4.298172911239931,0.0,1.100000000000005,1.100000000000005,13.82307564248526,7.971302252213988,15.896974950399164,2.135720417844215
2024-03-17 14:21:55,795.1,892.37,745.4898311613042,858.4580031404361,25.1,34.18,801.9739171508702,1603.9478343017404,112.96817197913184,0.140862650794935,59.28,9.079999999999998,16.536722946231862,11.303998953187945,13.920360949709902,5.232723993043919,0.3759043056458003,9.737759017922713,0.8920003489373585,5.314879683430036,1.1799999999999995,1.0899999999999963,0.0900000000000034,13.52857462250836,12.113456571033195,9.874776954443664,4.370701587417971
2024-03-17 14:21:56,811.77,889.57,762.0598733709782,866.2360023553271,26.3,35.28,814.1479378631526,1628.2958757263052,104.1761289843489,0.1279572470942035,61.58,8.98,16.570042209673943,7.777999214890997,12.174020712282411,8.792042994782946,0.7221970851187676,0.0333192634420811,-3.525999738296946,-1.7463402374274892,1.1999999999999993,1.1000000000000014,0.0999999999999978,13.22097961419573,16.179182254305378,6.210546189144701,4.642438804323488
2024-03-17 14:21:57,822.89,900.76,777.2674050282336,874.8670017664954,27.48,36.4,826.0672033973644,1652.1344067947289,97.59959673826177,0.1181497052766584,63.88,8.919999999999998,15.207531657255458,8.630999411168318,11.919265534211831,6.57653224608714,0.5517564547458136,-1.3625105524184846,0.8530001962773213,-0.2547551780705817,1.1799999999999995,1.1199999999999974,0.0600000000000022,12.931546500717252,18.9068561519188,8.419963290879647,3.8065384489118976
2024-03-17 14:21:58,835.41,914.75,791.8030537711752,884.8377513248715,28.66,37.5,838.3204025480234,1676.6408050960467,93.03469755369632,0.1109774939986496,66.16,8.84,14.53564874294159,9.970749558376156,12.25319915065893,4.564899184565434,0.3725475082784762,-0.6718829143138692,1.3397501472078377,0.3339336164470978,1.1799999999999995,1.1000000000000014,0.0799999999999983,12.671106255697056,19.71390939226924,10.44242228918332,1.940175615794574
2024-03-17 14:21:59,847.94,923.15,805.8372903283814,894.4158134936537,29.83,38.59,850.1265519110175,1700.253103822035,88.57852316527226,0.1041945141719902,68.42,8.760000000000005,14.034236557206214,9.57806216878214,11.80614936299412,4.456174388424074,0.3774451664101929,-0.5014121857353757,-0.3926873895940161,-0.4470497876648096,1.1699999999999982,1.0900000000000034,0.0799999999999947,12.42511750198626,19.049478167728573,9.587582171848474,0.8612219627054308
2024-03-17 14:22:00,867.46,920.35,821.242967746286,900.8993601202402,31.01,39.69,861.071163933263,1722.142327866526,79.65639237395419,0.0925084889820087,70.7,8.679999999999996,15.4056774179046,6.483546626586531,10.944612022245565,8.922130791318068,0.815207515622829,1.3714408606983852,-3.0945155421956088,-0.8615373407485549,1.1800000000000033,1.0999999999999943,0.0800000000000089,12.179224211513986,18.64626502235492,9.258786839515716,0.5218573202609877
2024-03-17 14:22:01,874.43,928.76,834.5397258097145,907.86452009018,32.19,40.78,871.2021229499474,1742.4042458998947,73.32479428046565,0.0841650775000616,72.97,8.590000000000003,13.296758063428456,6.965159969939919,10.1309590166843,6.331598093488537,0.6249751339518925,-2.108919354476143,0.4816133433533878,-0.8136530055612639,1.1799999999999962,1.0900000000000034,0.0899999999999927,11.939182006451492,17.883262785426755,9.882128601843323,0.8631046885601229
2024-03-17 14:22:02,895.38,946.98,849.7497943572859,917.6433900676352,33.34,41.87,883.6965922124605,1767.393184424921,67.89359571034925,0.0768290793829348,75.21000000000001,8.529999999999994,15.210068547571382,9.778869977454974,12.49446926251312,5.431198570116408,0.4346881825323568,1.9133104841429256,2.813710007515056,2.36351024582882,1.1500000000000057,1.0899999999999963,0.0600000000000093,11.74972185165189,17.690051387405376,10.410305357766571,0.9784408814328254
2024-03-17 14:22:03,907.96,956.81,864.3023457679644,927.4350425507264,34.51,42.97,895.8686941593453,1791.7373883186906,63.132696782761855,0.0704709262907469,77.47999999999999,8.46,14.552551410678577,9.791652483091184,12.172101946884824,4.760898927587391,0.3911319965302985,-0.6575171368928068,0.0127825056362098,-0.3223673156282984,1.1699999999999946,1.1000000000000014,0.0699999999999931,11.562579796034662,18.057382726564995,9.987905011861864,0.96393466809722
2024-03-17 14:22:04,921.95,965.23,878.7142593259732,936.8837819130448,35.69,44.06,907.799020619509,1815.598041239018,58.16952258707147,0.0640775339053542,79.75,8.370000000000005,14.411913558008791,9.448739362318406,11.930326460163656,4.963174195690385,0.4160132412343946,-0.1406378526697835,-0.3429131207727778,-0.241775486721167,1.1799999999999995,1.0900000000000034,0.0899999999999963,11.383059676946072,18.687176435354296,8.420470572388824,0.9750193500845428
2024-03-17 14:22:05,926.15,976.47,890.5731944944799,946.7803364347836,36.87,45.16,918.6767654646316,1837.3535309292636,56.20714194030359,0.0611827184403574,82.03,8.29,11.85893516850672,9.896554521738835,10.87774484512272,1.9623806467678837,0.1804032448182047,-2.552978389502073,0.4478151594204291,-1.0525816150409355,1.1799999999999995,1.0999999999999943,0.0800000000000054,11.199277755276777,18.82988565952054,7.022525739541575,0.9855347987882755
2024-03-17 14:22:06,941.56,993.35,903.31989587086,958.4227523260876,38.02,46.25,930.8713240984736,1861.7426481969476,55.10285645522765,0.0591949230463174,84.27000000000001,8.229999999999997,12.746701376379974,11.64241589130404,12.194558633842009,1.104285485075934,0.0905555852965244,0.8877662078732556,1.7458613695652048,1.316813788719287,1.1500000000000057,1.0900000000000034,0.0600000000000022,11.04629539637093,18.52733610097659,5.333617619287345,0.6233773841881294
2024-03-17 14:22:07,962.6,994.75,918.1399219031448,967.5045642445656,39.19,47.35,942.8222430738554,1885.6444861477107,49.36464234142079,0.0523583768326469,86.53999999999999,8.160000000000004,14.820026032285,9.081811918478138,11.950918975381684,5.738214113806862,0.4801483170858232,2.073324655905026,-2.560603972825902,-0.2436396584603244,1.1699999999999946,1.1000000000000014,0.0699999999999931,10.894641000453136,18.498890655748863,4.991901993602027,0.5434369422176809
2024-03-17 14:22:08,968.21,951.19,930.6574414273588,963.4259231834244,40.37,47.62,947.0416823053916,1894.083364610783,32.768481756065626,0.0346008864590797,87.99,7.25,12.517519524213752,-4.078641061141411,4.219439231536171,16.596160585355165,3.933261208753513,-2.3025065080712466,-13.16045297961955,-7.731479743845512,1.1799999999999995,0.269999999999996,0.9100000000000036,10.763060251645998,16.39459911217032,10.345501798908904,3.4006790226943044
2024-03-17 14:22:09,985.07,946.98,944.260581070519,959.3144423875682,41.52,47.62,951.7875117290436,1903.5750234580876,15.053861317049154,0.0158164097718465,89.14,6.099999999999994,13.603139643160375,-4.111480795856096,4.74582942365214,17.71462043901647,3.732670335360242,1.085620118946622,-0.0328397347146847,0.5263901921159686,1.1500000000000057,0.0,1.1500000000000057,10.677445603001996,13.407266378939235,17.59708209967472,3.974485874746833
2024-03-17 14:22:10,992.09,1006.02,956.2179358028892,970.990831790676,42.7,48.42,963.6043837967828,1927.2087675935652,14.772895987786796,0.0153308725249338,91.12,5.719999999999999,11.957354732370275,11.67638940310792,11.81687206773904,0.2809653292623579,0.0237766224323264,-1.6457849107900984,15.787870198964017,7.071042644086901,1.1799999999999995,0.8000000000000043,0.3799999999999954,10.57511384132648,11.999597028013469,18.77386228208158,4.11699455436857
2024-03-17 14:22:11,997.72,1024.33,966.5934518521668,984.3256238430072,43.85,49.48,975.459537847587,1950.919075695174,17.73217199084013,0.0181782752483911,93.33,5.629999999999996,10.37551604927762,13.334792052330954,11.85515405080423,2.9592760030533327,0.2496193419969299,-1.5818386830926556,1.658402649223035,0.0382819830651897,1.1499999999999986,1.0599999999999952,0.0900000000000034,10.451725355146916,13.304582946258463,15.049274794476704,4.05315959066058
2024-03-17 14:22:12,1010.38,1028.56,977.5400888891252,995.3842178822551,44.99,50.58,986.4621533856904,1972.9243067713803,17.844128993130084,0.0180890152894333,95.57,5.589999999999996,10.946637036958236,11.058594039248192,11.002615538103328,0.1119570022899552,0.0101754888850515,0.5711209876806151,-2.2761980130827624,-0.8525385127009031,1.1400000000000006,1.1000000000000014,0.0399999999999991,10.321880747764045,16.347489024743776,7.482365954301648,3.8948331689224456
2024-03-17 14:22:13,1024.47,1041.26,989.272566666844,1006.8531634116914,46.17,51.67,998.0628650392676,1996.1257300785355,17.580596744847526,0.0176147188148725,97.84,5.5,11.732477777718714,11.468945529436157,11.600711653577378,0.2635322482825586,0.0227169016380464,0.7858407407604773,0.4103514901879634,0.5980961154740498,1.1799999999999995,1.0900000000000034,0.0899999999999963,10.200969489353009,18.249241191607744,1.5427281687965666,3.0703371959793184
2024-03-17 14:22:14,1030.1,1055.38,999.4794250001328,1018.9848725587684,47.32,52.77,1009.2321487794508,2018.4642975589013,19.50544755863564,0.0193270176370205,100.09,5.450000000000003,10.206858333289006,12.131709147077116,11.169283740183005,1.924850813788112,0.1723342952179562,-1.525619444429708,0.6627636176409624,-0.4314279133943728,1.1499999999999986,1.1000000000000014,0.0499999999999971,10.083246465143413,18.00369611126181,1.7056451783653883,0.3849794411680258
2024-03-17 14:22:15,969.61,1065.27,992.0120687500996,1030.5561544190764,47.54,53.83,1011.284111584588,2022.568223169176,38.54408566897666,0.0381140029684315,101.37,6.289999999999999,-7.467356250033163,11.571281860307865,2.051962805137464,19.038638110341022,9.27825240517125,-17.67421458332217,-0.5604272867692544,-9.11732093504554,0.2199999999999988,1.0599999999999952,0.8399999999999963,9.976167521045875,15.213318017718006,9.146791954666572,4.197347357427015
2024-03-17 14:22:16,975.23,1059.62,987.8165515625748,1037.8221158143074,47.54,54.93,1012.819333688441,2025.638667376882,50.00556425173261,0.0493726398569544,102.47,7.390000000000001,-4.195517187524956,7.265961395230988,1.5352221038529024,11.461478582755944,7.465676196502921,3.2718390625082066,-4.305320465076875,-0.5167407012845615,0.0,1.1000000000000014,1.1000000000000014,9.884057029417235,11.181732298135197,14.805943637504653,5.191424371625812
2024-03-17 14:22:17,1047.03,1080.83,1002.619913671931,1048.5740868607304,48.44,56.0,1025.5970002663307,2051.194000532661,45.95417318879936,0.0448072421546265,104.44,7.560000000000002,14.803362109356272,10.751971046423025,12.777666577889704,4.051391062933249,0.3170681220368981,18.998879296881228,3.4860096511920347,11.242444474036802,0.8999999999999986,1.0700000000000005,0.1700000000000017,9.819963523998156,9.825496152316504,14.99093372895565,5.542075051401627
2024-03-17 14:22:18,1062.55,1096.4,1017.6024352539482,1060.5305651455478,49.59,57.09,1039.066500199748,2078.1330003994963,42.92812989159961,0.0413141313304134,106.68,7.5,14.98252158201717,11.956478284817422,13.46949993341741,3.026043297199749,0.2246589025204512,0.1791594726608991,1.2045072383943989,0.6918333555277059,1.1500000000000057,1.0900000000000034,0.0600000000000022,9.740030844204323,12.624702142562978,11.8786352568875,5.910941758464455
2024-03-17 14:22:19,1073.86,1097.81,1031.6668264404611,1069.8504238591609,50.77,58.16,1050.758625149811,2101.517250299622,38.18359741869972,0.036339075852855,108.93,7.3899999999999935,14.06439118651292,9.31985871361303,11.692124950062862,4.744532472899891,0.4057886900264175,-0.9181303955042496,-2.636619571204392,-1.777374983354548,1.1799999999999995,1.0699999999999932,0.1100000000000065,9.646182094038638,17.000186702522956,5.0196454285582,5.980798186574694
2024-03-17 14:22:20,1075.27,1113.4,1042.5676198303458,1080.737817894371,51.92,59.25,1061.652718862358,2123.3054377247163,38.17019806402482,0.0359535631095764,111.17,7.329999999999998,10.900793389884711,10.887394035209809,10.894093712547146,0.0133993546749024,0.0012299649515135,-3.16359779662821,1.5675353215967789,-0.7980312375157155,1.1499999999999986,1.0900000000000034,0.0599999999999951,9.549812982931952,19.43752277558386,5.106938305133512,4.8744446449161245
2024-03-17 14:22:21,1092.24,1124.75,1054.9857148727594,1091.740863420778,53.04,60.32,1073.3632891467687,2146.7265782935374,36.7551485480185,0.0342429714947608,113.36,7.280000000000001,12.418095042413595,11.003045526407275,11.71057028441055,1.41504951600632,0.1208352249979533,1.5173016525288858,0.1156514911974682,0.8164765718634044,1.1199999999999974,1.0700000000000005,0.0499999999999971,9.468624556088075,18.689663389332495,3.886182716383284,1.013237777599522
2024-03-17 14:22:22,1102.15,1130.42,1066.7767861545694,1101.4106475655835,54.19,61.39,1084.0937168600765,2168.187433720153,34.633861411014095,0.0319472946300056,115.58,7.200000000000003,11.791071281809993,9.66978414480559,10.73042771330779,2.1212871370044013,0.1976889454913948,-0.6270237606036062,-1.3332613816016874,-0.9801425711027604,1.1499999999999986,1.0700000000000005,0.0799999999999983,9.379596015577786,17.814771131794352,3.047115558815237,1.086376657611726
2024-03-17 14:22:23,1116.31,1140.36,1079.160089615927,1111.1479856741876,55.34,62.46,1095.154037645057,2190.308075290114,31.987896058260503,0.0292085815597561,117.8,7.119999999999997,12.383303461357627,9.737338108604035,11.060320784980831,2.645965352753592,0.2392304133815197,0.5922321795476364,0.0675539637984457,0.329893071673041,1.1500000000000057,1.0700000000000005,0.0800000000000054,9.296723500410303,17.58865657856471,2.645605554540368,0.4568707402461003
2024-03-17 14:22:24,1127.65,1158.83,1091.2825672119452,1123.0684892556403,56.49,63.55,1107.1755282337929,2214.3510564675857,31.785922043695336,0.0287090178606931,120.04,7.059999999999995,12.122477596018143,11.920503581452977,12.02149058873556,0.2019740145651667,0.0168010777260303,-0.2608258653394841,2.183165472848941,0.9611698037547284,1.1499999999999986,1.0899999999999963,0.0600000000000022,9.223388195688145,17.844135787421166,2.833375484390829,0.5555074793957172
2024-03-17 14:22:25,1143.26,1163.1,1104.276925408959,1133.0763669417304,57.64,64.62,1118.6766461753446,2237.353292350689,28.799441532771425,0.025744205535612,122.26,6.980000000000004,12.994358197013751,10.007877686089842,11.501117941551684,2.9864805109239114,0.2596686918986847,0.8718806009956097,-1.912625895363135,-0.5203726471838763,1.1499999999999986,1.0700000000000074,0.0799999999999911,9.1499806725451,17.982952219295296,3.0289560065462977,0.5139367189913249
2024-03-17 14:22:26,1153.2,1168.79,1116.5076940567192,1142.0047752062978,58.76,65.69,1129.2562346315085,2258.512469263017,25.497081149578666,0.0225786498626859,124.45,6.93,12.230768647760216,8.928408264567452,10.579588456163949,3.302360383192763,0.3121444737412491,-0.7635895492535383,-1.07946942152239,-0.9215294853877368,1.1199999999999974,1.0699999999999932,0.0500000000000042,9.07397529576162,18.004559022379535,3.495318181696303,0.5890979476115654
2024-03-17 14:22:27,1160.3,1181.6,1127.4557705425393,1151.9035814047234,59.91,66.75,1139.6796759736312,2279.3593519472624,24.44781086218404,0.0214514756699918,126.66,6.840000000000003,10.948076485820138,9.898806198425518,10.423441342122716,1.04927028739462,0.1006644688918515,-1.2826921619400764,0.9703979338580666,-0.1561471140412322,1.1499999999999986,1.0600000000000025,0.0899999999999963,8.997944631104426,17.58035504071109,3.481740238603176,0.6592982911651782
2024-03-17 14:22:28,1174.52,1201.54,1139.2218279069043,1164.3126860535426,61.06,67.82,1151.7672569802237,2303.534513960447,25.09085814663831,0.0217846600281366,128.88,6.759999999999991,11.766057364364997,12.409104648819266,12.087581006592243,0.6430472844542692,0.0531990007681907,0.8179808785448586,2.510298450393748,1.6641396644695303,1.1500000000000057,1.0699999999999932,0.0800000000000125,8.936741527339246,17.427453269261104,3.101739039082618,0.7851855015876154
